   288223.76216480869     
   533775.93907392665     
   229813.85887639705     
   747383.63069966575     
   277051.42559449747     
   197390.59335188346     
   534361.77220385114     
   1265346.6641925066     
   195409.79786249157     
   1495288.4467762157     
   146853.05589174177     
   120800.98022342105     
   512893.19718600577     
   101841.18610828581     
   729229.91016200243     
   77417.095133296229     
   50016.320670446919     
   1535233.3960171381     
   42335.767413278030     
   7289.6925149434219     
   2014587.4992257326     
   519070.76817518129     
   1163717.5889783292     
   2284849.5706953015     
   749315.39001105772     
   1387995.5873506065     
   447759.83891826723     
   559947.67281837726     
   1342382.3347445510     
   693576.25587802462     
   1026364.2070608231     
   380863.83676628495     
   1805607.2605892625     
   374488.18508882751     
   1346111.2982311496     
   715357.48312862567     
   1891618.0518084436     
   361031.77148731821     
   1185269.7724609748     
   338813.53291297919     
   2310770.2903739223     
   1429821.6155523618     
   674657.06939974835     
   301391.46194495744     
   285866.37572948454     
   1799579.2037914176     
   1011905.0771716277     
   1382227.9075280721     
   591330.95793984307     
   1743843.5274069910     
   1297236.2629252246     
   648647.16167522303     
   1014993.4257457966     
   514199.11840643897     
   1318492.7655403682     
   1856652.9753603875     
   1641573.7765928749     
   2305866.7099502459     
   968545.59027689614     
   664332.15560424409     
   1050457.2176473485     
   1876787.3093261269     
   569511.83023648034     
   1238839.8709192814     
   849597.41944595624     
   545335.23822832305     
   1633036.5489225963     
   1021888.9623436115     
   1750510.2469810497     
   923921.88470581046     
   2334382.2905569039     
   1073332.8869801282     
   1406733.7493340624     
   1947336.0780493014     
   1133329.1619564248     
   839706.62361998297     
   1546260.7965629569     
   1921402.0085285623     
   923718.73044739873     
   2254137.4280955005     
   1631419.4108236330     
   969397.69218193018     
   1954867.9093742254     
   1563175.4961086216     
   2297774.7645450523     
   1555585.6762433052     
   1964109.1027334572     
   2195682.3731782651     
   1444783.2433743752     
   1855068.8105378668     
   1665561.9004421162     
   2081631.3261853172     
   1885784.7462190643     
   1421050.7931779728     
   1938226.7086500835     
   2245115.5599207631     
   2270104.3325245050     
   1947174.0874854941     
   2166392.0264068148     
   1872808.9425884902     
   2284849.5706953015     
   2310770.2903739223     
   2305866.7099502459     
   2334382.2905569039     
   2254137.4280955005     
   2297774.7645450523     
   2195682.3731782651     
   2081631.3261853172     
   2245115.5599207631     
   2270104.3325245050     
   1947174.0874854941     
   2166392.0264068148     
   1872808.9425884902     
   2014587.4992257326     
   1891618.0518084436     
   1743843.5274069910     
   1856652.9753603875     
   1876787.3093261269     
   1750510.2469810497     
   1947336.0780493014     
   1921402.0085285623     
   1954867.9093742254     
   1964109.1027334572     
   1855068.8105378668     
   1885784.7462190643     
   1938226.7086500835     
   1535233.3960171381     
   1805607.2605892625     
   1799579.2037914176     
   1641573.7765928749     
   1633036.5489225963     
   1406733.7493340624     
   1546260.7965629569     
   1631419.4108236330     
   1563175.4961086216     
   1555585.6762433052     
   1444783.2433743752     
   1665561.9004421162     
   1421050.7931779728     
   1495288.4467762157     
   1387995.5873506065     
   1342382.3347445510     
   1346111.2982311496     
   1429821.6155523618     
   1382227.9075280721     
   1297236.2629252246     
   1318492.7655403682     
   1050457.2176473485     
   1238839.8709192814     
   1021888.9623436115     
   1073332.8869801282     
   1133329.1619564248     
   1265346.6641925066     
   1163717.5889783292     
   1026364.2070608231     
   1185269.7724609748     
   1011905.0771716277     
   1014993.4257457966     
   968545.59027689614     
   849597.41944595624     
   923921.88470581046     
   839706.62361998297     
   923718.73044739873     
   969397.69218193018     
   747383.63069966575     
   729229.91016200243     
   749315.39001105772     
   693576.25587802462     
   715357.48312862567     
   674657.06939974835     
   591330.95793984307     
   648647.16167522303     
   514199.11840643897     
   664332.15560424409     
   569511.83023648034     
   545335.23822832305     
   533775.93907392665     
   534361.77220385114     
   512893.19718600577     
   519070.76817518129     
   447759.83891826723     
   559947.67281837726     
   380863.83676628495     
   374488.18508882751     
   361031.77148731821     
   338813.53291297919     
   301391.46194495744     
   285866.37572948454     
   288223.76216480869     
   229813.85887639705     
   277051.42559449747     
   197390.59335188346     
   195409.79786249157     
   146853.05589174177     
   120800.98022342105     
   101841.18610828581     
   77417.095133296229     
   50016.320670446919     
   42335.767413278030     
   7289.6925149434219     
