   5681.3306501754851     
   5470.5659621729828     
   5615.4275451127833     
   5571.6832332862868     
   5567.0623128539355     
   5564.5001023956438     
   5518.5128174334650     
   5524.1902206211107     
   5548.1751164106772     
   5549.0599206755260     
   5521.2480329555883     
   5517.3295558026011     
   5501.6998479741487     
   5539.3728825092821     
   5521.7604630105043     
   5534.8486189092400     
   5532.9038489486711     
   5547.3434806368732     
   5545.4034471357973     
   5563.0115043639262     
   5591.6215417684753     
   5586.9710022733680     
   5605.2262916652171     
   5633.8545953648709     
   5633.2193714049536     
   5626.8510566698778     
   5648.6252472661454     
   5671.2624109975259     
   5670.3923492972608     
   5679.9420773557304     
   5679.3556025811622     
   5686.0198801016641     
   5676.3074177706558     
   5670.1318304781043     
   5639.4052537693378     
   5632.4710112358234     
   5637.4759825850651     
   5635.9896336252441     
   5628.6559581703787     
   5629.0022553894487     
   5620.2224458263881     
   5610.8255641665937     
   5610.2902890460118     
   5615.1412887435690     
   5624.5013259835023     
   5617.5318173511814     
   5610.9633854793083     
   5608.7859949303047     
   5594.8675367904216     
   5583.0031430589170     
   5583.1182881584173     
   5586.6142317713156     
   5585.9922713725618     
   5588.8525080329709     
   5582.7005193437399     
   5577.3901249708997     
   5579.8574111390772     
   5584.6548243980960     
   5585.2073488171172     
   5587.3431618102986     
   5586.5470832088931     
   5572.1486044887733     
   5572.3386679031437     
   5571.5699912808395     
   5573.8850434132210     
   5574.0591503904989     
   5564.2324199414543     
   5558.2092355958757     
   5562.3959279988176     
   5566.1265089643466     
   5565.7306109868596     
   5554.6496583858898     
   5556.1950167011873     
   5557.1919687359223     
   5563.8433818831127     
   5565.1546683007446     
   5560.2891921548471     
   5563.3185239920767     
   5558.3837321974333     
   5559.4459239883899     
   5557.0167897940310     
   5555.9803712506773     
   5561.4114914224801     
   5556.7540816666688     
   5557.4250947938626     
   5550.7630708358201     
   5551.0575063272800     
   5554.6137748215369     
   5548.7166116167782     
   5551.6538965042573     
   5545.4455842003599     
   5542.1296186447289     
   5544.6784256199562     
   5545.2046138500509     
   5544.7039625818388     
   5545.9269569836306     
   5548.2534677322601     
   5550.7935201412820     
   5549.3668800521018     
   5547.9766921929831     
